1683361707
695788320
1952699042
-1958200345
1562630033
-1618936087
-1781298522
1383456213
-1810178688
1140457233
-1880821823
-69984235
748862758
1518812021
313593632
1279794442
1094808815
1380922778
1703435021
-1563828872
1805759568
-489021834
610686762
-1757588694
-107779622
-1136373382
-764474406
-23444858
1351839589
259002053
-333356227
449286709
1127995250
-665837767
-1726649410
-2125174015
-1510231608
2082270033
728092097
1116086490
-569473946
-1419005276
-886651152
-1259461034
320923862
-1583795900
-1757853100
-1825584892
1168368070
1748474136
244701477
433188766
1215794174
-330580790
-587727368
862377785
570186840
29652918
1982461192
1807856234
562770377
578046621
2054666585
1462858230
1627832905
-231088092
-37275408
430573910
560641601
-484252873
627308381
846764021
-2021689023
1176362771
-2046308540
-1576780719
-1671707740
851270328
875677022
-1202233633
-806427705
126591032
1882356346
-1392616720
-1297407838
-326590736
-297042937
-841771551
-1210745755
-1028912585
-2117499227
100799949
-1313158681
-1408127019
-1887000170
-102007695
758640415
-849509883
66
